10.80
 9.07
11.25
14.26
12.50
9.54
9.32
8.58
8.51
9.48
9.50
10.70
12.79
12.51
13.41
14.35
12.12
11.33
15.33
20.92
27.41
27.64
22.36
24.15
26.76
28.26
31.36
36.82
35.39
27.81
26.73
27.81
30.15
32.49
33.87
37.82
39.52
43.32
37.59
40.49
45.35
45.10
48.72
53.13
52.74
51.10
52.17
52.67
53.80
55.93
57.05
59.32
62.42
63.11
64.91
66.72
65.31
65.28
69.98
76.22
83.31
84.08
79.29
81.52
84.50
86.32
89.68
95.34
94.05
86.56
85.51
86.56
88.81
91.01
92.19
95.88
97.26
100.68
94.53
96.94
101.25
100.40
103.37
107.07
105.92
103.47
103.68
103.27
103.43
104.54
104.60
105.76
107.71
107.20
107.76
108.28
105.54
104.15
107.45
112.25
117.86
117.12
110.78
111.44
112.82
113.00
114.71
118.69
115.69
106.47
103.67
102.96
103.43
103.83
103.20
105.07
104.63
106.21
98.22
98.79
101.25
98.56
99.68
101.54
98.56
94.28
92.66
90.45
88.81
88.14
86.44
85.85
86.07
83.85
82.74
81.60
77.23
74.23
75.96
79.21
83.31
81.09
73.32
72.57
72.58
71.44
71.86
74.60
70.40
60.02
56.12
54.35
53.80
53.24
51.69
52.70
51.44
52.27
43.57
43.48
45.35
42.11
42.75
44.18
40.82
36.22
34.35
31.93
30.15
29.40
27.66
27.10
27.41
25.34
24.42
23.54
19.49
16.86
19.02
22.77
27.41
25.79
18.66
18.62
19.40
19.07
20.35
24.00
20.77
11.41
8.57
7.90
8.51
9.15
8.85
11.14
11.20
13.40
6.10
7.46
10.80
9.07
11.25
14.26
12.50
9.54
9.32
8.58
8.51
9.48
9.50
10.70
12.79
12.51
13.41
14.35
12.12
11.33
15.33
20.92
27.41
27.64
22.36
24.15
26.76
28.26
31.36
36.82
35.39
27.81
26.73
27.81
30.15
32.49
33.87
37.82
39.52
43.32
37.59
40.49
45.35
45.10
48.72
53.13
52.74
51.10
52.17
52.67
53.80
55.93
57.05
59.32
62.42
63.11
64.91
66.72
65.31
65.28
69.98
76.22
83.31
84.08
79.29
81.52
84.50
86.32
89.68
95.34
94.05
86.56
85.51
86.56
88.81
91.01
92.19
95.88
97.26
100.68
94.53
96.94
101.25
100.40
103.37
107.07
105.92
103.47
103.68
103.27
103.43
104.54
104.60
105.76
107.71
107.20
107.76
108.28
105.54
104.15
107.45
112.25
117.86
117.12
110.78
111.44
112.82
113.00
114.71
118.69
115.69
106.47
103.67
102.96
103.43
103.83
103.20
105.07
104.63
106.21
98.22
98.79
101.25
98.56
99.68
101.54
98.56
94.28
92.66
90.45
88.81
88.14
86.44
85.85
86.07
83.85
82.74
81.60
77.23
74.23
75.96
79.21
83.31
81.09
73.32
72.57
72.58
71.44
71.86
74.60
70.40
60.02
56.12
54.35
53.80
53.24
51.69
52.70
51.44
52.27
43.57
43.48
45.35
42.11
42.75
44.18
40.82
36.22
34.35
31.93
30.15
29.40
27.66
27.10
27.41
25.34
24.42
23.54
19.49
16.86
19.02
22.77
27.41
25.79
18.66
18.62
19.40
19.07
20.35
24.00
20.77
11.41
8.57
7.90
8.51
9.15
8.85
11.14
11.20
13.40
6.10
7.46